2019/03/22-12:39:22.403126 7f9ec336cd00 RocksDB version: 5.14.3
2019/03/22-12:39:22.403184 7f9ec336cd00 Git sha rocksdb_build_git_sha:@0@
2019/03/22-12:39:22.403188 7f9ec336cd00 Compile date Mar 19 2019
2019/03/22-12:39:22.403191 7f9ec336cd00 DB SUMMARY
2019/03/22-12:39:22.403307 7f9ec336cd00 CURRENT file:  CURRENT
2019/03/22-12:39:22.403310 7f9ec336cd00 IDENTITY file:  IDENTITY
2019/03/22-12:39:22.403340 7f9ec336cd00 MANIFEST file:  MANIFEST-000001 size: 13 Bytes
2019/03/22-12:39:22.403345 7f9ec336cd00 SST files in /home/parity/.local/share/io.parity.ethereum/chains/RaidenDevelopmentChain/db/b78c1b591116cff1/overlayrecent/db dir, Total Num: 0, files: 
2019/03/22-12:39:22.403349 7f9ec336cd00 Write Ahead Log file in /home/parity/.local/share/io.parity.ethereum/chains/RaidenDevelopmentChain/db/b78c1b591116cff1/overlayrecent/db: 000003.log size: 0 ; 
2019/03/22-12:39:22.403354 7f9ec336cd00                         Options.error_if_exists: 0
2019/03/22-12:39:22.403356 7f9ec336cd00                       Options.create_if_missing: 1
2019/03/22-12:39:22.403359 7f9ec336cd00                         Options.paranoid_checks: 1
2019/03/22-12:39:22.403361 7f9ec336cd00                                     Options.env: 0x564e65a5de00
2019/03/22-12:39:22.403363 7f9ec336cd00                                Options.info_log: 0x564e66460ef0
2019/03/22-12:39:22.403365 7f9ec336cd00                Options.max_file_opening_threads: 16
2019/03/22-12:39:22.403368 7f9ec336cd00                              Options.statistics: (nil)
2019/03/22-12:39:22.403370 7f9ec336cd00                               Options.use_fsync: 0
2019/03/22-12:39:22.403372 7f9ec336cd00                       Options.max_log_file_size: 0
2019/03/22-12:39:22.403374 7f9ec336cd00                  Options.max_manifest_file_size: 18446744073709551615
2019/03/22-12:39:22.403377 7f9ec336cd00                   Options.log_file_time_to_roll: 0
2019/03/22-12:39:22.403379 7f9ec336cd00                       Options.keep_log_file_num: 1
2019/03/22-12:39:22.403381 7f9ec336cd00                    Options.recycle_log_file_num: 0
2019/03/22-12:39:22.403383 7f9ec336cd00                         Options.allow_fallocate: 1
2019/03/22-12:39:22.403385 7f9ec336cd00                        Options.allow_mmap_reads: 0
2019/03/22-12:39:22.403387 7f9ec336cd00                       Options.allow_mmap_writes: 0
2019/03/22-12:39:22.403390 7f9ec336cd00                        Options.use_direct_reads: 0
2019/03/22-12:39:22.403392 7f9ec336cd00                        Options.use_direct_io_for_flush_and_compaction: 0
2019/03/22-12:39:22.403394 7f9ec336cd00          Options.create_missing_column_families: 0
2019/03/22-12:39:22.403396 7f9ec336cd00                              Options.db_log_dir: 
2019/03/22-12:39:22.403398 7f9ec336cd00                                 Options.wal_dir: /home/parity/.local/share/io.parity.ethereum/chains/RaidenDevelopmentChain/db/b78c1b591116cff1/overlayrecent/db
2019/03/22-12:39:22.403401 7f9ec336cd00                Options.table_cache_numshardbits: 6
2019/03/22-12:39:22.403403 7f9ec336cd00                      Options.max_subcompactions: 1
2019/03/22-12:39:22.403405 7f9ec336cd00                  Options.max_background_flushes: -1
2019/03/22-12:39:22.403407 7f9ec336cd00                         Options.WAL_ttl_seconds: 0
2019/03/22-12:39:22.403409 7f9ec336cd00                       Options.WAL_size_limit_MB: 0
2019/03/22-12:39:22.403411 7f9ec336cd00             Options.manifest_preallocation_size: 4194304
2019/03/22-12:39:22.403414 7f9ec336cd00                     Options.is_fd_close_on_exec: 1
2019/03/22-12:39:22.403416 7f9ec336cd00                   Options.advise_random_on_open: 1
2019/03/22-12:39:22.403418 7f9ec336cd00                    Options.db_write_buffer_size: 8388608
2019/03/22-12:39:22.403420 7f9ec336cd00                    Options.write_buffer_manager: 0x564e6645dfb0
2019/03/22-12:39:22.403422 7f9ec336cd00         Options.access_hint_on_compaction_start: 1
2019/03/22-12:39:22.403424 7f9ec336cd00  Options.new_table_reader_for_compaction_inputs: 0
2019/03/22-12:39:22.403426 7f9ec336cd00           Options.random_access_max_buffer_size: 1048576
2019/03/22-12:39:22.403451 7f9ec336cd00                      Options.use_adaptive_mutex: 0
2019/03/22-12:39:22.403454 7f9ec336cd00                            Options.rate_limiter: (nil)
2019/03/22-12:39:22.403456 7f9ec336cd00     Options.sst_file_manager.rate_bytes_per_sec: 0
2019/03/22-12:39:22.403458 7f9ec336cd00                       Options.wal_recovery_mode: 2
2019/03/22-12:39:22.403460 7f9ec336cd00                  Options.enable_thread_tracking: 0
2019/03/22-12:39:22.403462 7f9ec336cd00                  Options.enable_pipelined_write: 0
2019/03/22-12:39:22.403464 7f9ec336cd00         Options.allow_concurrent_memtable_write: 1
2019/03/22-12:39:22.403466 7f9ec336cd00      Options.enable_write_thread_adaptive_yield: 1
2019/03/22-12:39:22.403468 7f9ec336cd00             Options.write_thread_max_yield_usec: 100
2019/03/22-12:39:22.403471 7f9ec336cd00            Options.write_thread_slow_yield_usec: 3
2019/03/22-12:39:22.403473 7f9ec336cd00                               Options.row_cache: None
2019/03/22-12:39:22.403475 7f9ec336cd00                              Options.wal_filter: None
2019/03/22-12:39:22.403477 7f9ec336cd00             Options.avoid_flush_during_recovery: 0
2019/03/22-12:39:22.403479 7f9ec336cd00             Options.allow_ingest_behind: 0
2019/03/22-12:39:22.403482 7f9ec336cd00             Options.preserve_deletes: 0
2019/03/22-12:39:22.403484 7f9ec336cd00             Options.two_write_queues: 0
2019/03/22-12:39:22.403486 7f9ec336cd00             Options.manual_wal_flush: 0
2019/03/22-12:39:22.403488 7f9ec336cd00             Options.max_background_jobs: 2
2019/03/22-12:39:22.403491 7f9ec336cd00             Options.max_background_compactions: -1
2019/03/22-12:39:22.403493 7f9ec336cd00             Options.avoid_flush_during_shutdown: 0
2019/03/22-12:39:22.403495 7f9ec336cd00           Options.writable_file_max_buffer_size: 1048576
2019/03/22-12:39:22.403497 7f9ec336cd00             Options.delayed_write_rate : 16777216
2019/03/22-12:39:22.403500 7f9ec336cd00             Options.max_total_wal_size: 0
2019/03/22-12:39:22.403502 7f9ec336cd00             Options.delete_obsolete_files_period_micros: 21600000000
2019/03/22-12:39:22.403504 7f9ec336cd00                   Options.stats_dump_period_sec: 600
2019/03/22-12:39:22.403507 7f9ec336cd00                          Options.max_open_files: 512
2019/03/22-12:39:22.403509 7f9ec336cd00                          Options.bytes_per_sync: 1048576
2019/03/22-12:39:22.403511 7f9ec336cd00                      Options.wal_bytes_per_sync: 0
2019/03/22-12:39:22.403513 7f9ec336cd00       Options.compaction_readahead_size: 0
2019/03/22-12:39:22.403515 7f9ec336cd00 Compression algorithms supported:
2019/03/22-12:39:22.403518 7f9ec336cd00 	kZSTDNotFinalCompression supported: 0
2019/03/22-12:39:22.403521 7f9ec336cd00 	kZSTD supported: 0
2019/03/22-12:39:22.403523 7f9ec336cd00 	kXpressCompression supported: 0
2019/03/22-12:39:22.403526 7f9ec336cd00 	kLZ4HCCompression supported: 0
2019/03/22-12:39:22.403528 7f9ec336cd00 	kLZ4Compression supported: 0
2019/03/22-12:39:22.403530 7f9ec336cd00 	kBZip2Compression supported: 0
2019/03/22-12:39:22.403533 7f9ec336cd00 	kZlibCompression supported: 0
2019/03/22-12:39:22.403535 7f9ec336cd00 	kSnappyCompression supported: 1
2019/03/22-12:39:22.403539 7f9ec336cd00 Fast CRC32 supported: Not supported on x86
2019/03/22-12:39:22.403891 7f9ec336cd00 [/builds/parity/parity-ethereum/.cargo/registry/src/github.com-1ecc6299db9ec823/parity-rocksdb-sys-0.5.5/rocksdb/db/version_set.cc:3085] Recovering from manifest file: MANIFEST-000001
2019/03/22-12:39:22.403981 7f9ec336cd00 [/builds/parity/parity-ethereum/.cargo/registry/src/github.com-1ecc6299db9ec823/parity-rocksdb-sys-0.5.5/rocksdb/db/column_family.cc:475] --------------- Options for column family [default]:
2019/03/22-12:39:22.403985 7f9ec336cd00               Options.comparator: leveldb.BytewiseComparator
2019/03/22-12:39:22.403988 7f9ec336cd00           Options.merge_operator: None
2019/03/22-12:39:22.403990 7f9ec336cd00        Options.compaction_filter: None
2019/03/22-12:39:22.403993 7f9ec336cd00        Options.compaction_filter_factory: None
2019/03/22-12:39:22.404018 7f9ec336cd00         Options.memtable_factory: SkipListFactory
2019/03/22-12:39:22.404021 7f9ec336cd00            Options.table_factory: BlockBasedTable
2019/03/22-12:39:22.404067 7f9ec336cd00            table_factory options:   flush_block_policy_factory: FlushBlockBySizePolicyFactory (0x564e66453390)
  cache_index_and_filter_blocks: 0
  cache_index_and_filter_blocks_with_high_priority: 0
  pin_l0_filter_and_index_blocks_in_cache: 0
  index_type: 0
  hash_index_allow_collision: 1
  checksum: 1
  no_block_cache: 0
  block_cache: 0x564e664533d0
  block_cache_name: LRUCache
  block_cache_options:
    capacity : 8388608
    num_shard_bits : 4
    strict_capacity_limit : 0
    high_pri_pool_ratio: 0.000
  block_cache_compressed: (nil)
  persistent_cache: (nil)
  block_size: 4096
  block_size_deviation: 10
  block_restart_interval: 16
  index_block_restart_interval: 1
  metadata_block_size: 4096
  partition_filters: 0
  use_delta_encoding: 1
  filter_policy: nullptr
  whole_key_filtering: 1
  verify_compression: 0
  read_amp_bytes_per_bit: 0
  format_version: 2
  enable_index_compression: 1
  block_align: 0
2019/03/22-12:39:22.404072 7f9ec336cd00        Options.write_buffer_size: 67108864
2019/03/22-12:39:22.404076 7f9ec336cd00  Options.max_write_buffer_number: 2
2019/03/22-12:39:22.404080 7f9ec336cd00          Options.compression: Snappy
2019/03/22-12:39:22.404083 7f9ec336cd00                  Options.bottommost_compression: Disabled
2019/03/22-12:39:22.404087 7f9ec336cd00       Options.prefix_extractor: nullptr
2019/03/22-12:39:22.404090 7f9ec336cd00   Options.memtable_insert_with_hint_prefix_extractor: nullptr
2019/03/22-12:39:22.404094 7f9ec336cd00             Options.num_levels: 7
2019/03/22-12:39:22.404098 7f9ec336cd00        Options.min_write_buffer_number_to_merge: 1
2019/03/22-12:39:22.404102 7f9ec336cd00     Options.max_write_buffer_number_to_maintain: 0
2019/03/22-12:39:22.404105 7f9ec336cd00            Options.compression_opts.window_bits: -14
2019/03/22-12:39:22.404109 7f9ec336cd00                  Options.compression_opts.level: -1
2019/03/22-12:39:22.404112 7f9ec336cd00               Options.compression_opts.strategy: 0
2019/03/22-12:39:22.404116 7f9ec336cd00         Options.compression_opts.max_dict_bytes: 0
2019/03/22-12:39:22.404119 7f9ec336cd00         Options.compression_opts.zstd_max_train_bytes: 0
2019/03/22-12:39:22.404122 7f9ec336cd00      Options.level0_file_num_compaction_trigger: 4
2019/03/22-12:39:22.404125 7f9ec336cd00          Options.level0_slowdown_writes_trigger: 20
2019/03/22-12:39:22.404128 7f9ec336cd00              Options.level0_stop_writes_trigger: 36
2019/03/22-12:39:22.404132 7f9ec336cd00                   Options.target_file_size_base: 67108864
2019/03/22-12:39:22.404135 7f9ec336cd00             Options.target_file_size_multiplier: 1
2019/03/22-12:39:22.404138 7f9ec336cd00                Options.max_bytes_for_level_base: 268435456
2019/03/22-12:39:22.404142 7f9ec336cd00 Options.level_compaction_dynamic_level_bytes: 0
2019/03/22-12:39:22.404145 7f9ec336cd00          Options.max_bytes_for_level_multiplier: 10.000000
2019/03/22-12:39:22.404152 7f9ec336cd00 Options.max_bytes_for_level_multiplier_addtl[0]: 1
2019/03/22-12:39:22.404157 7f9ec336cd00 Options.max_bytes_for_level_multiplier_addtl[1]: 1
2019/03/22-12:39:22.404161 7f9ec336cd00 Options.max_bytes_for_level_multiplier_addtl[2]: 1
2019/03/22-12:39:22.404165 7f9ec336cd00 Options.max_bytes_for_level_multiplier_addtl[3]: 1
2019/03/22-12:39:22.404168 7f9ec336cd00 Options.max_bytes_for_level_multiplier_addtl[4]: 1
2019/03/22-12:39:22.404172 7f9ec336cd00 Options.max_bytes_for_level_multiplier_addtl[5]: 1
2019/03/22-12:39:22.404176 7f9ec336cd00 Options.max_bytes_for_level_multiplier_addtl[6]: 1
2019/03/22-12:39:22.404180 7f9ec336cd00       Options.max_sequential_skip_in_iterations: 8
2019/03/22-12:39:22.404183 7f9ec336cd00                    Options.max_compaction_bytes: 1677721600
2019/03/22-12:39:22.404186 7f9ec336cd00                        Options.arena_block_size: 8388608
2019/03/22-12:39:22.404216 7f9ec336cd00   Options.soft_pending_compaction_bytes_limit: 68719476736
2019/03/22-12:39:22.404222 7f9ec336cd00   Options.hard_pending_compaction_bytes_limit: 274877906944
2019/03/22-12:39:22.404226 7f9ec336cd00       Options.rate_limit_delay_max_milliseconds: 100
2019/03/22-12:39:22.404230 7f9ec336cd00                Options.disable_auto_compactions: 0
2019/03/22-12:39:22.404237 7f9ec336cd00                        Options.compaction_style: kCompactionStyleLevel
2019/03/22-12:39:22.404242 7f9ec336cd00                          Options.compaction_pri: kByCompensatedSize
2019/03/22-12:39:22.404246 7f9ec336cd00 Options.compaction_options_universal.size_ratio: 1
2019/03/22-12:39:22.404250 7f9ec336cd00 Options.compaction_options_universal.min_merge_width: 2
2019/03/22-12:39:22.404253 7f9ec336cd00 Options.compaction_options_universal.max_merge_width: 4294967295
2019/03/22-12:39:22.404257 7f9ec336cd00 Options.compaction_options_universal.max_size_amplification_percent: 200
2019/03/22-12:39:22.404261 7f9ec336cd00 Options.compaction_options_universal.compression_size_percent: -1
2019/03/22-12:39:22.404266 7f9ec336cd00 Options.compaction_options_universal.stop_style: kCompactionStopStyleTotalSize
2019/03/22-12:39:22.404270 7f9ec336cd00 Options.compaction_options_fifo.max_table_files_size: 1073741824
2019/03/22-12:39:22.404275 7f9ec336cd00 Options.compaction_options_fifo.allow_compaction: 0
2019/03/22-12:39:22.404278 7f9ec336cd00 Options.compaction_options_fifo.ttl: 0
2019/03/22-12:39:22.404282 7f9ec336cd00                   Options.table_properties_collectors: 
2019/03/22-12:39:22.404287 7f9ec336cd00                   Options.inplace_update_support: 0
2019/03/22-12:39:22.404291 7f9ec336cd00                 Options.inplace_update_num_locks: 10000
2019/03/22-12:39:22.404295 7f9ec336cd00               Options.memtable_prefix_bloom_size_ratio: 0.000000
2019/03/22-12:39:22.404300 7f9ec336cd00   Options.memtable_huge_page_size: 0
2019/03/22-12:39:22.404303 7f9ec336cd00                           Options.bloom_locality: 0
2019/03/22-12:39:22.404307 7f9ec336cd00                    Options.max_successive_merges: 0
2019/03/22-12:39:22.404311 7f9ec336cd00                Options.optimize_filters_for_hits: 0
2019/03/22-12:39:22.404315 7f9ec336cd00                Options.paranoid_file_checks: 0
2019/03/22-12:39:22.404319 7f9ec336cd00                Options.force_consistency_checks: 0
2019/03/22-12:39:22.404323 7f9ec336cd00                Options.report_bg_io_stats: 0
2019/03/22-12:39:22.404326 7f9ec336cd00                               Options.ttl: 0
2019/03/22-12:39:22.404485 7f9ec336cd00 [/builds/parity/parity-ethereum/.cargo/registry/src/github.com-1ecc6299db9ec823/parity-rocksdb-sys-0.5.5/rocksdb/db/version_set.cc:3361] Recovered from manifest file:/home/parity/.local/share/io.parity.ethereum/chains/RaidenDevelopmentChain/db/b78c1b591116cff1/overlayrecent/db/MANIFEST-000001 succeeded,manifest_file_number is 1, next_file_number is 3, last_sequence is 0, log_number is 0,prev_log_number is 0,max_column_family is 0,min_log_number_to_keep is 0
2019/03/22-12:39:22.404493 7f9ec336cd00 [/builds/parity/parity-ethereum/.cargo/registry/src/github.com-1ecc6299db9ec823/parity-rocksdb-sys-0.5.5/rocksdb/db/version_set.cc:3369] Column family [default] (ID 0), log number is 0
2019/03/22-12:39:22.405599 7f9ec336cd00 EVENT_LOG_v1 {"time_micros": 1553258362405577, "job": 1, "event": "recovery_started", "log_files": [3]}
2019/03/22-12:39:22.405618 7f9ec336cd00 [/builds/parity/parity-ethereum/.cargo/registry/src/github.com-1ecc6299db9ec823/parity-rocksdb-sys-0.5.5/rocksdb/db/db_impl_open.cc:551] Recovering log #3 mode 2
2019/03/22-12:39:22.405765 7f9ec336cd00 [/builds/parity/parity-ethereum/.cargo/registry/src/github.com-1ecc6299db9ec823/parity-rocksdb-sys-0.5.5/rocksdb/db/version_set.cc:2847] Creating manifest 5
2019/03/22-12:39:22.411708 7f9ec336cd00 EVENT_LOG_v1 {"time_micros": 1553258362411698, "job": 1, "event": "recovery_finished"}
2019/03/22-12:39:22.412240 7f9ec336cd00 [/builds/parity/parity-ethereum/.cargo/registry/src/github.com-1ecc6299db9ec823/parity-rocksdb-sys-0.5.5/rocksdb/db/db_impl_files.cc:477] [JOB 2] Delete info log file /home/parity/.local/share/io.parity.ethereum/chains/RaidenDevelopmentChain/db/b78c1b591116cff1/overlayrecent/db//LOG.old.1553258362402714
2019/03/22-12:39:22.422492 7f9ec336cd00 [/builds/parity/parity-ethereum/.cargo/registry/src/github.com-1ecc6299db9ec823/parity-rocksdb-sys-0.5.5/rocksdb/db/db_impl_open.cc:1219] DB pointer 0x564e6645bd40
2019/03/22-12:39:22.424467 7f9ec336cd00 [/builds/parity/parity-ethereum/.cargo/registry/src/github.com-1ecc6299db9ec823/parity-rocksdb-sys-0.5.5/rocksdb/db/column_family.cc:475] --------------- Options for column family [col0]:
2019/03/22-12:39:22.424481 7f9ec336cd00               Options.comparator: leveldb.BytewiseComparator
2019/03/22-12:39:22.424485 7f9ec336cd00           Options.merge_operator: None
2019/03/22-12:39:22.424488 7f9ec336cd00        Options.compaction_filter: None
2019/03/22-12:39:22.424490 7f9ec336cd00        Options.compaction_filter_factory: None
2019/03/22-12:39:22.424492 7f9ec336cd00         Options.memtable_factory: SkipListFactory
2019/03/22-12:39:22.424494 7f9ec336cd00            Options.table_factory: BlockBasedTable
2019/03/22-12:39:22.424560 7f9ec336cd00            table_factory options:   flush_block_policy_factory: FlushBlockBySizePolicyFactory (0x564e6645fce0)
  cache_index_and_filter_blocks: 1
  cache_index_and_filter_blocks_with_high_priority: 0
  pin_l0_filter_and_index_blocks_in_cache: 1
  index_type: 0
  hash_index_allow_collision: 1
  checksum: 1
  no_block_cache: 0
  block_cache: 0x564e66455270
  block_cache_name: LRUCache
  block_cache_options:
    capacity : 44739242
    num_shard_bits : 6
    strict_capacity_limit : 0
    high_pri_pool_ratio: 0.000
  block_cache_compressed: (nil)
  persistent_cache: (nil)
  block_size: 16384
  block_size_deviation: 10
  block_restart_interval: 16
  index_block_restart_interval: 1
  metadata_block_size: 4096
  partition_filters: 0
  use_delta_encoding: 1
  filter_policy: nullptr
  whole_key_filtering: 1
  verify_compression: 0
  read_amp_bytes_per_bit: 0
  format_version: 2
  enable_index_compression: 1
  block_align: 0
2019/03/22-12:39:22.424566 7f9ec336cd00        Options.write_buffer_size: 4194304
2019/03/22-12:39:22.424569 7f9ec336cd00  Options.max_write_buffer_number: 6
2019/03/22-12:39:22.424571 7f9ec336cd00          Options.compression: Snappy
2019/03/22-12:39:22.424574 7f9ec336cd00                  Options.bottommost_compression: Disabled
2019/03/22-12:39:22.424576 7f9ec336cd00       Options.prefix_extractor: nullptr
2019/03/22-12:39:22.424579 7f9ec336cd00   Options.memtable_insert_with_hint_prefix_extractor: nullptr
2019/03/22-12:39:22.424581 7f9ec336cd00             Options.num_levels: 7
2019/03/22-12:39:22.424583 7f9ec336cd00        Options.min_write_buffer_number_to_merge: 2
2019/03/22-12:39:22.424585 7f9ec336cd00     Options.max_write_buffer_number_to_maintain: 0
2019/03/22-12:39:22.424587 7f9ec336cd00            Options.compression_opts.window_bits: -14
2019/03/22-12:39:22.424590 7f9ec336cd00                  Options.compression_opts.level: -1
2019/03/22-12:39:22.424592 7f9ec336cd00               Options.compression_opts.strategy: 0
2019/03/22-12:39:22.424594 7f9ec336cd00         Options.compression_opts.max_dict_bytes: 0
2019/03/22-12:39:22.424596 7f9ec336cd00         Options.compression_opts.zstd_max_train_bytes: 0
2019/03/22-12:39:22.424598 7f9ec336cd00      Options.level0_file_num_compaction_trigger: 2
2019/03/22-12:39:22.424600 7f9ec336cd00          Options.level0_slowdown_writes_trigger: 20
2019/03/22-12:39:22.424602 7f9ec336cd00              Options.level0_stop_writes_trigger: 36
2019/03/22-12:39:22.424605 7f9ec336cd00                   Options.target_file_size_base: 67108864
2019/03/22-12:39:22.424607 7f9ec336cd00             Options.target_file_size_multiplier: 1
2019/03/22-12:39:22.424609 7f9ec336cd00                Options.max_bytes_for_level_base: 16777216
2019/03/22-12:39:22.424611 7f9ec336cd00 Options.level_compaction_dynamic_level_bytes: 1
2019/03/22-12:39:22.424613 7f9ec336cd00          Options.max_bytes_for_level_multiplier: 10.000000
2019/03/22-12:39:22.424619 7f9ec336cd00 Options.max_bytes_for_level_multiplier_addtl[0]: 1
2019/03/22-12:39:22.424621 7f9ec336cd00 Options.max_bytes_for_level_multiplier_addtl[1]: 1
2019/03/22-12:39:22.424624 7f9ec336cd00 Options.max_bytes_for_level_multiplier_addtl[2]: 1
2019/03/22-12:39:22.424626 7f9ec336cd00 Options.max_bytes_for_level_multiplier_addtl[3]: 1
2019/03/22-12:39:22.424628 7f9ec336cd00 Options.max_bytes_for_level_multiplier_addtl[4]: 1
2019/03/22-12:39:22.424694 7f9ec336cd00 Options.max_bytes_for_level_multiplier_addtl[5]: 1
2019/03/22-12:39:22.424697 7f9ec336cd00 Options.max_bytes_for_level_multiplier_addtl[6]: 1
2019/03/22-12:39:22.424699 7f9ec336cd00       Options.max_sequential_skip_in_iterations: 8
2019/03/22-12:39:22.424702 7f9ec336cd00                    Options.max_compaction_bytes: 1677721600
2019/03/22-12:39:22.424704 7f9ec336cd00                        Options.arena_block_size: 524288
2019/03/22-12:39:22.424707 7f9ec336cd00   Options.soft_pending_compaction_bytes_limit: 68719476736
2019/03/22-12:39:22.424709 7f9ec336cd00   Options.hard_pending_compaction_bytes_limit: 274877906944
2019/03/22-12:39:22.424712 7f9ec336cd00       Options.rate_limit_delay_max_milliseconds: 100
2019/03/22-12:39:22.424714 7f9ec336cd00                Options.disable_auto_compactions: 0
2019/03/22-12:39:22.424719 7f9ec336cd00                        Options.compaction_style: kCompactionStyleLevel
2019/03/22-12:39:22.424723 7f9ec336cd00                          Options.compaction_pri: kByCompensatedSize
2019/03/22-12:39:22.424725 7f9ec336cd00 Options.compaction_options_universal.size_ratio: 1
2019/03/22-12:39:22.424728 7f9ec336cd00 Options.compaction_options_universal.min_merge_width: 2
2019/03/22-12:39:22.424730 7f9ec336cd00 Options.compaction_options_universal.max_merge_width: 4294967295
2019/03/22-12:39:22.424733 7f9ec336cd00 Options.compaction_options_universal.max_size_amplification_percent: 200
2019/03/22-12:39:22.424736 7f9ec336cd00 Options.compaction_options_universal.compression_size_percent: -1
2019/03/22-12:39:22.424740 7f9ec336cd00 Options.compaction_options_universal.stop_style: kCompactionStopStyleTotalSize
2019/03/22-12:39:22.424743 7f9ec336cd00 Options.compaction_options_fifo.max_table_files_size: 1073741824
2019/03/22-12:39:22.424745 7f9ec336cd00 Options.compaction_options_fifo.allow_compaction: 0
2019/03/22-12:39:22.424747 7f9ec336cd00 Options.compaction_options_fifo.ttl: 0
2019/03/22-12:39:22.424750 7f9ec336cd00                   Options.table_properties_collectors: 
2019/03/22-12:39:22.424752 7f9ec336cd00                   Options.inplace_update_support: 0
2019/03/22-12:39:22.424755 7f9ec336cd00                 Options.inplace_update_num_locks: 10000
2019/03/22-12:39:22.424757 7f9ec336cd00               Options.memtable_prefix_bloom_size_ratio: 0.000000
2019/03/22-12:39:22.424761 7f9ec336cd00   Options.memtable_huge_page_size: 0
2019/03/22-12:39:22.424763 7f9ec336cd00                           Options.bloom_locality: 0
2019/03/22-12:39:22.424765 7f9ec336cd00                    Options.max_successive_merges: 0
2019/03/22-12:39:22.424768 7f9ec336cd00                Options.optimize_filters_for_hits: 0
2019/03/22-12:39:22.424770 7f9ec336cd00                Options.paranoid_file_checks: 0
2019/03/22-12:39:22.424772 7f9ec336cd00                Options.force_consistency_checks: 0
2019/03/22-12:39:22.424774 7f9ec336cd00                Options.report_bg_io_stats: 0
2019/03/22-12:39:22.424777 7f9ec336cd00                               Options.ttl: 0
2019/03/22-12:39:22.424960 7f9ec336cd00 [/builds/parity/parity-ethereum/.cargo/registry/src/github.com-1ecc6299db9ec823/parity-rocksdb-sys-0.5.5/rocksdb/db/db_impl.cc:1396] Created column family [col0] (ID 1)
2019/03/22-12:39:22.436144 7f9ec336cd00 [/builds/parity/parity-ethereum/.cargo/registry/src/github.com-1ecc6299db9ec823/parity-rocksdb-sys-0.5.5/rocksdb/db/column_family.cc:475] --------------- Options for column family [col1]:
2019/03/22-12:39:22.436164 7f9ec336cd00               Options.comparator: leveldb.BytewiseComparator
2019/03/22-12:39:22.436171 7f9ec336cd00           Options.merge_operator: None
2019/03/22-12:39:22.436176 7f9ec336cd00        Options.compaction_filter: None
2019/03/22-12:39:22.436180 7f9ec336cd00        Options.compaction_filter_factory: None
2019/03/22-12:39:22.436185 7f9ec336cd00         Options.memtable_factory: SkipListFactory
2019/03/22-12:39:22.436190 7f9ec336cd00            Options.table_factory: BlockBasedTable
2019/03/22-12:39:22.436287 7f9ec336cd00            table_factory options:   flush_block_policy_factory: FlushBlockBySizePolicyFactory (0x564e664602a0)
  cache_index_and_filter_blocks: 1
  cache_index_and_filter_blocks_with_high_priority: 0
  pin_l0_filter_and_index_blocks_in_cache: 1
  index_type: 0
  hash_index_allow_collision: 1
  checksum: 1
  no_block_cache: 0
  block_cache: 0x564e66455270
  block_cache_name: LRUCache
  block_cache_options:
    capacity : 44739242
    num_shard_bits : 6
    strict_capacity_limit : 0
    high_pri_pool_ratio: 0.000
  block_cache_compressed: (nil)
  persistent_cache: (nil)
  block_size: 16384
  block_size_deviation: 10
  block_restart_interval: 16
  index_block_restart_interval: 1
  metadata_block_size: 4096
  partition_filters: 0
  use_delta_encoding: 1
  filter_policy: nullptr
  whole_key_filtering: 1
  verify_compression: 0
  read_amp_bytes_per_bit: 0
  format_version: 2
  enable_index_compression: 1
  block_align: 0
2019/03/22-12:39:22.436298 7f9ec336cd00        Options.write_buffer_size: 4194304
2019/03/22-12:39:22.436304 7f9ec336cd00  Options.max_write_buffer_number: 6
2019/03/22-12:39:22.436309 7f9ec336cd00          Options.compression: Snappy
2019/03/22-12:39:22.436314 7f9ec336cd00                  Options.bottommost_compression: Disabled
2019/03/22-12:39:22.436318 7f9ec336cd00       Options.prefix_extractor: nullptr
2019/03/22-12:39:22.436323 7f9ec336cd00   Options.memtable_insert_with_hint_prefix_extractor: nullptr
2019/03/22-12:39:22.436328 7f9ec336cd00             Options.num_levels: 7
2019/03/22-12:39:22.436333 7f9ec336cd00        Options.min_write_buffer_number_to_merge: 2
2019/03/22-12:39:22.436337 7f9ec336cd00     Options.max_write_buffer_number_to_maintain: 0
2019/03/22-12:39:22.436341 7f9ec336cd00            Options.compression_opts.window_bits: -14
2019/03/22-12:39:22.436346 7f9ec336cd00                  Options.compression_opts.level: -1
2019/03/22-12:39:22.436351 7f9ec336cd00               Options.compression_opts.strategy: 0
2019/03/22-12:39:22.436355 7f9ec336cd00         Options.compression_opts.max_dict_bytes: 0
2019/03/22-12:39:22.436360 7f9ec336cd00         Options.compression_opts.zstd_max_train_bytes: 0
2019/03/22-12:39:22.436364 7f9ec336cd00      Options.level0_file_num_compaction_trigger: 2
2019/03/22-12:39:22.436369 7f9ec336cd00          Options.level0_slowdown_writes_trigger: 20
2019/03/22-12:39:22.436373 7f9ec336cd00              Options.level0_stop_writes_trigger: 36
2019/03/22-12:39:22.436378 7f9ec336cd00                   Options.target_file_size_base: 67108864
2019/03/22-12:39:22.436383 7f9ec336cd00             Options.target_file_size_multiplier: 1
2019/03/22-12:39:22.436387 7f9ec336cd00                Options.max_bytes_for_level_base: 16777216
2019/03/22-12:39:22.436392 7f9ec336cd00 Options.level_compaction_dynamic_level_bytes: 1
2019/03/22-12:39:22.436396 7f9ec336cd00          Options.max_bytes_for_level_multiplier: 10.000000
2019/03/22-12:39:22.436406 7f9ec336cd00 Options.max_bytes_for_level_multiplier_addtl[0]: 1
2019/03/22-12:39:22.436412 7f9ec336cd00 Options.max_bytes_for_level_multiplier_addtl[1]: 1
2019/03/22-12:39:22.436417 7f9ec336cd00 Options.max_bytes_for_level_multiplier_addtl[2]: 1
2019/03/22-12:39:22.436422 7f9ec336cd00 Options.max_bytes_for_level_multiplier_addtl[3]: 1
2019/03/22-12:39:22.436426 7f9ec336cd00 Options.max_bytes_for_level_multiplier_addtl[4]: 1
2019/03/22-12:39:22.436479 7f9ec336cd00 Options.max_bytes_for_level_multiplier_addtl[5]: 1
2019/03/22-12:39:22.436486 7f9ec336cd00 Options.max_bytes_for_level_multiplier_addtl[6]: 1
2019/03/22-12:39:22.436490 7f9ec336cd00       Options.max_sequential_skip_in_iterations: 8
2019/03/22-12:39:22.436495 7f9ec336cd00                    Options.max_compaction_bytes: 1677721600
2019/03/22-12:39:22.436500 7f9ec336cd00                        Options.arena_block_size: 524288
2019/03/22-12:39:22.436505 7f9ec336cd00   Options.soft_pending_compaction_bytes_limit: 68719476736
2019/03/22-12:39:22.436510 7f9ec336cd00   Options.hard_pending_compaction_bytes_limit: 274877906944
2019/03/22-12:39:22.436514 7f9ec336cd00       Options.rate_limit_delay_max_milliseconds: 100
2019/03/22-12:39:22.436519 7f9ec336cd00                Options.disable_auto_compactions: 0
2019/03/22-12:39:22.436527 7f9ec336cd00                        Options.compaction_style: kCompactionStyleLevel
2019/03/22-12:39:22.436533 7f9ec336cd00                          Options.compaction_pri: kByCompensatedSize
2019/03/22-12:39:22.436537 7f9ec336cd00 Options.compaction_options_universal.size_ratio: 1
2019/03/22-12:39:22.436541 7f9ec336cd00 Options.compaction_options_universal.min_merge_width: 2
2019/03/22-12:39:22.436545 7f9ec336cd00 Options.compaction_options_universal.max_merge_width: 4294967295
2019/03/22-12:39:22.436549 7f9ec336cd00 Options.compaction_options_universal.max_size_amplification_percent: 200
2019/03/22-12:39:22.436553 7f9ec336cd00 Options.compaction_options_universal.compression_size_percent: -1
2019/03/22-12:39:22.436557 7f9ec336cd00 Options.compaction_options_universal.stop_style: kCompactionStopStyleTotalSize
2019/03/22-12:39:22.436561 7f9ec336cd00 Options.compaction_options_fifo.max_table_files_size: 1073741824
2019/03/22-12:39:22.436565 7f9ec336cd00 Options.compaction_options_fifo.allow_compaction: 0
2019/03/22-12:39:22.436569 7f9ec336cd00 Options.compaction_options_fifo.ttl: 0
2019/03/22-12:39:22.436572 7f9ec336cd00                   Options.table_properties_collectors: 
2019/03/22-12:39:22.436576 7f9ec336cd00                   Options.inplace_update_support: 0
2019/03/22-12:39:22.436579 7f9ec336cd00                 Options.inplace_update_num_locks: 10000
2019/03/22-12:39:22.436583 7f9ec336cd00               Options.memtable_prefix_bloom_size_ratio: 0.000000
2019/03/22-12:39:22.436589 7f9ec336cd00   Options.memtable_huge_page_size: 0
2019/03/22-12:39:22.436593 7f9ec336cd00                           Options.bloom_locality: 0
2019/03/22-12:39:22.436596 7f9ec336cd00                    Options.max_successive_merges: 0
2019/03/22-12:39:22.436600 7f9ec336cd00                Options.optimize_filters_for_hits: 0
2019/03/22-12:39:22.436604 7f9ec336cd00                Options.paranoid_file_checks: 0
2019/03/22-12:39:22.436609 7f9ec336cd00                Options.force_consistency_checks: 0
2019/03/22-12:39:22.436613 7f9ec336cd00                Options.report_bg_io_stats: 0
2019/03/22-12:39:22.436618 7f9ec336cd00                               Options.ttl: 0
2019/03/22-12:39:22.437045 7f9ec336cd00 [/builds/parity/parity-ethereum/.cargo/registry/src/github.com-1ecc6299db9ec823/parity-rocksdb-sys-0.5.5/rocksdb/db/db_impl.cc:1396] Created column family [col1] (ID 2)
2019/03/22-12:39:22.455705 7f9ec336cd00 [/builds/parity/parity-ethereum/.cargo/registry/src/github.com-1ecc6299db9ec823/parity-rocksdb-sys-0.5.5/rocksdb/db/column_family.cc:475] --------------- Options for column family [col2]:
2019/03/22-12:39:22.455721 7f9ec336cd00               Options.comparator: leveldb.BytewiseComparator
2019/03/22-12:39:22.455725 7f9ec336cd00           Options.merge_operator: None
2019/03/22-12:39:22.455729 7f9ec336cd00        Options.compaction_filter: None
2019/03/22-12:39:22.455731 7f9ec336cd00        Options.compaction_filter_factory: None
2019/03/22-12:39:22.455734 7f9ec336cd00         Options.memtable_factory: SkipListFactory
2019/03/22-12:39:22.455736 7f9ec336cd00            Options.table_factory: BlockBasedTable
2019/03/22-12:39:22.455799 7f9ec336cd00            table_factory options:   flush_block_policy_factory: FlushBlockBySizePolicyFactory (0x564e66460880)
  cache_index_and_filter_blocks: 1
  cache_index_and_filter_blocks_with_high_priority: 0
  pin_l0_filter_and_index_blocks_in_cache: 1
  index_type: 0
  hash_index_allow_collision: 1
  checksum: 1
  no_block_cache: 0
  block_cache: 0x564e66455270
  block_cache_name: LRUCache
  block_cache_options:
    capacity : 44739242
    num_shard_bits : 6
    strict_capacity_limit : 0
    high_pri_pool_ratio: 0.000
  block_cache_compressed: (nil)
  persistent_cache: (nil)
  block_size: 16384
  block_size_deviation: 10
  block_restart_interval: 16
  index_block_restart_interval: 1
  metadata_block_size: 4096
  partition_filters: 0
  use_delta_encoding: 1
  filter_policy: nullptr
  whole_key_filtering: 1
  verify_compression: 0
  read_amp_bytes_per_bit: 0
  format_version: 2
  enable_index_compression: 1
  block_align: 0
2019/03/22-12:39:22.455806 7f9ec336cd00        Options.write_buffer_size: 4194304
2019/03/22-12:39:22.455808 7f9ec336cd00  Options.max_write_buffer_number: 6
2019/03/22-12:39:22.455811 7f9ec336cd00          Options.compression: Snappy
2019/03/22-12:39:22.455814 7f9ec336cd00                  Options.bottommost_compression: Disabled
2019/03/22-12:39:22.455817 7f9ec336cd00       Options.prefix_extractor: nullptr
2019/03/22-12:39:22.455819 7f9ec336cd00   Options.memtable_insert_with_hint_prefix_extractor: nullptr
2019/03/22-12:39:22.455822 7f9ec336cd00             Options.num_levels: 7
2019/03/22-12:39:22.455824 7f9ec336cd00        Options.min_write_buffer_number_to_merge: 2
2019/03/22-12:39:22.455827 7f9ec336cd00     Options.max_write_buffer_number_to_maintain: 0
2019/03/22-12:39:22.455829 7f9ec336cd00            Options.compression_opts.window_bits: -14
2019/03/22-12:39:22.455832 7f9ec336cd00                  Options.compression_opts.level: -1
2019/03/22-12:39:22.455834 7f9ec336cd00               Options.compression_opts.strategy: 0
2019/03/22-12:39:22.455837 7f9ec336cd00         Options.compression_opts.max_dict_bytes: 0
2019/03/22-12:39:22.455839 7f9ec336cd00         Options.compression_opts.zstd_max_train_bytes: 0
2019/03/22-12:39:22.455842 7f9ec336cd00      Options.level0_file_num_compaction_trigger: 2
2019/03/22-12:39:22.455844 7f9ec336cd00          Options.level0_slowdown_writes_trigger: 20
2019/03/22-12:39:22.455847 7f9ec336cd00              Options.level0_stop_writes_trigger: 36
2019/03/22-12:39:22.455849 7f9ec336cd00                   Options.target_file_size_base: 67108864
2019/03/22-12:39:22.455852 7f9ec336cd00             Options.target_file_size_multiplier: 1
2019/03/22-12:39:22.455854 7f9ec336cd00                Options.max_bytes_for_level_base: 16777216
2019/03/22-12:39:22.455856 7f9ec336cd00 Options.level_compaction_dynamic_level_bytes: 1
2019/03/22-12:39:22.455859 7f9ec336cd00          Options.max_bytes_for_level_multiplier: 10.000000
2019/03/22-12:39:22.455865 7f9ec336cd00 Options.max_bytes_for_level_multiplier_addtl[0]: 1
2019/03/22-12:39:22.455868 7f9ec336cd00 Options.max_bytes_for_level_multiplier_addtl[1]: 1
2019/03/22-12:39:22.455871 7f9ec336cd00 Options.max_bytes_for_level_multiplier_addtl[2]: 1
2019/03/22-12:39:22.455873 7f9ec336cd00 Options.max_bytes_for_level_multiplier_addtl[3]: 1
2019/03/22-12:39:22.455875 7f9ec336cd00 Options.max_bytes_for_level_multiplier_addtl[4]: 1
2019/03/22-12:39:22.455902 7f9ec336cd00 Options.max_bytes_for_level_multiplier_addtl[5]: 1
2019/03/22-12:39:22.455905 7f9ec336cd00 Options.max_bytes_for_level_multiplier_addtl[6]: 1
2019/03/22-12:39:22.455907 7f9ec336cd00       Options.max_sequential_skip_in_iterations: 8
2019/03/22-12:39:22.455910 7f9ec336cd00                    Options.max_compaction_bytes: 1677721600
2019/03/22-12:39:22.455913 7f9ec336cd00                        Options.arena_block_size: 524288
2019/03/22-12:39:22.455915 7f9ec336cd00   Options.soft_pending_compaction_bytes_limit: 68719476736
2019/03/22-12:39:22.455918 7f9ec336cd00   Options.hard_pending_compaction_bytes_limit: 274877906944
2019/03/22-12:39:22.455921 7f9ec336cd00       Options.rate_limit_delay_max_milliseconds: 100
2019/03/22-12:39:22.455923 7f9ec336cd00                Options.disable_auto_compactions: 0
2019/03/22-12:39:22.455928 7f9ec336cd00                        Options.compaction_style: kCompactionStyleLevel
2019/03/22-12:39:22.455931 7f9ec336cd00                          Options.compaction_pri: kByCompensatedSize
2019/03/22-12:39:22.455934 7f9ec336cd00 Options.compaction_options_universal.size_ratio: 1
2019/03/22-12:39:22.455936 7f9ec336cd00 Options.compaction_options_universal.min_merge_width: 2
2019/03/22-12:39:22.455939 7f9ec336cd00 Options.compaction_options_universal.max_merge_width: 4294967295
2019/03/22-12:39:22.455941 7f9ec336cd00 Options.compaction_options_universal.max_size_amplification_percent: 200
2019/03/22-12:39:22.455944 7f9ec336cd00 Options.compaction_options_universal.compression_size_percent: -1
2019/03/22-12:39:22.455948 7f9ec336cd00 Options.compaction_options_universal.stop_style: kCompactionStopStyleTotalSize
2019/03/22-12:39:22.455950 7f9ec336cd00 Options.compaction_options_fifo.max_table_files_size: 1073741824
2019/03/22-12:39:22.455953 7f9ec336cd00 Options.compaction_options_fifo.allow_compaction: 0
2019/03/22-12:39:22.455955 7f9ec336cd00 Options.compaction_options_fifo.ttl: 0
2019/03/22-12:39:22.455958 7f9ec336cd00                   Options.table_properties_collectors: 
2019/03/22-12:39:22.455961 7f9ec336cd00                   Options.inplace_update_support: 0
2019/03/22-12:39:22.455963 7f9ec336cd00                 Options.inplace_update_num_locks: 10000
2019/03/22-12:39:22.455966 7f9ec336cd00               Options.memtable_prefix_bloom_size_ratio: 0.000000
2019/03/22-12:39:22.455969 7f9ec336cd00   Options.memtable_huge_page_size: 0
2019/03/22-12:39:22.455972 7f9ec336cd00                           Options.bloom_locality: 0
2019/03/22-12:39:22.455974 7f9ec336cd00                    Options.max_successive_merges: 0
2019/03/22-12:39:22.455977 7f9ec336cd00                Options.optimize_filters_for_hits: 0
2019/03/22-12:39:22.455979 7f9ec336cd00                Options.paranoid_file_checks: 0
2019/03/22-12:39:22.455982 7f9ec336cd00                Options.force_consistency_checks: 0
2019/03/22-12:39:22.455984 7f9ec336cd00                Options.report_bg_io_stats: 0
2019/03/22-12:39:22.455986 7f9ec336cd00                               Options.ttl: 0
2019/03/22-12:39:22.456152 7f9ec336cd00 [/builds/parity/parity-ethereum/.cargo/registry/src/github.com-1ecc6299db9ec823/parity-rocksdb-sys-0.5.5/rocksdb/db/db_impl.cc:1396] Created column family [col2] (ID 3)
2019/03/22-12:39:22.472485 7f9ec336cd00 [/builds/parity/parity-ethereum/.cargo/registry/src/github.com-1ecc6299db9ec823/parity-rocksdb-sys-0.5.5/rocksdb/db/column_family.cc:475] --------------- Options for column family [col3]:
2019/03/22-12:39:22.472506 7f9ec336cd00               Options.comparator: leveldb.BytewiseComparator
2019/03/22-12:39:22.472514 7f9ec336cd00           Options.merge_operator: None
2019/03/22-12:39:22.472519 7f9ec336cd00        Options.compaction_filter: None
2019/03/22-12:39:22.472523 7f9ec336cd00        Options.compaction_filter_factory: None
2019/03/22-12:39:22.472528 7f9ec336cd00         Options.memtable_factory: SkipListFactory
2019/03/22-12:39:22.472533 7f9ec336cd00            Options.table_factory: BlockBasedTable
